1,100
2,100
3,100
4,100
5,100
6,100
7,100
8,100
9,100
10,100
11,98
12,98
13,98
14,98
15,98
16,98
17,98
18,98
19,98
20,98
21,97
22,97
23,97
24,97
25,97
26,97
27,97
28,97
29,97
30,97
31,94
32,94
33,94
34,94
35,94
36,94
37,94
38,94
39,94
40,94
41,94
42,94
43,94
44,94
45,94
46,94
47,94
48,94
49,94
50,94
51,94
52,94
53,94
54,94
55,94
56,94
57,94
58,94
59,94
60,94
61,93
62,93
63,93
64,93
65,93
66,93
67,93
68,93
69,93
70,93
71,90
72,90
73,90
74,90
75,90
76,90
77,90
78,90
79,90
80,90
81,89
82,89
83,89
84,89
85,89
86,89
87,89
88,89
89,89
90,89
91,88
92,88
93,88
94,88
95,88
96,88
97,88
98,88
99,88
100,88
101,86
102,86
103,86
104,86
105,86
106,86
107,86
108,86
109,86
110,86
111,83
112,83
113,83
114,83
115,83
116,83
117,83
118,83
119,83
120,83
121,82
122,82
123,82
124,82
125,82
126,82
127,82
128,82
129,82
130,82
131,79
132,79
133,79
134,79
135,79
136,79
137,79
138,79
139,79
140,79
141,78
142,78
143,78
144,78
145,78
146,78
147,78
148,78
149,78
150,78
151,75
152,75
153,75
154,75
155,75
156,75
157,75
158,75
159,75
160,75
161,73
162,73
163,73
164,73
165,73
166,73
167,73
168,73
169,73
170,73
171,70
172,70
173,70
174,70
175,70
176,70
177,70
178,70
179,70
180,70
181,68
182,68
183,68
184,68
185,68
186,68
187,68
188,68
189,68
190,68
191,68
192,68
193,68
194,68
195,68
196,68
197,68
198,68
199,68
200,68
201,67
202,67
203,67
204,67
205,67
206,67
207,67
208,67
209,67
210,67
211,67
212,67
213,67
214,67
215,67
216,67
217,67
218,67
219,67
220,67
221,65
222,65
223,65
224,65
225,65
226,65
227,65
228,65
229,65
230,65
231,62
232,62
233,62
234,62
235,62
236,62
237,62
238,62
239,62
240,62
241,62
242,62
243,62
244,62
245,62
246,62
247,62
248,62
249,62
250,62
251,61
252,61
253,61
254,61
255,61
256,61
257,61
258,61
259,61
260,61
261,61
262,61
263,61
264,61
265,61
266,61
267,61
268,61
269,61
270,61
271,58
272,58
273,58
274,58
275,58
276,58
277,58
278,58
279,58
280,58
281,56
282,56
283,56
284,56
285,56
286,56
287,56
288,56
289,56
290,56
291,54
292,54
293,54
294,54
295,54
296,54
297,54
298,54
299,54
300,54
301,51
302,51
303,51
304,51
305,51
306,51
307,51
308,51
309,51
310,51
311,49
312,49
313,49
314,49
315,49
316,49
317,49
318,49
319,49
320,49
321,49
322,49
323,49
324,49
325,49
326,49
327,49
328,49
329,49
330,49
331,46
332,46
333,46
334,46
335,46
336,46
337,46
338,46
339,46
340,46
341,45
342,45
343,45
344,45
345,45
346,45
347,45
348,45
349,45
350,45
351,43
352,43
353,43
354,43
355,43
356,43
357,43
358,43
359,43
360,43
361,43
362,43
363,43
364,43
365,43
366,43
367,43
368,43
369,43
370,43
371,43
372,43
373,43
374,43
375,43
376,43
377,43
378,43
379,43
380,43
381,42
382,42
383,42
384,42
385,42
386,42
387,42
388,42
389,42
390,42
391,40
392,40
393,40
394,40
395,40
396,40
397,40
398,40
399,40
400,40
401,39
402,39
403,39
404,39
405,39
406,39
407,39
408,39
409,39
410,39
411,36
412,36
413,36
414,36
415,36
416,36
417,36
418,36
419,36
420,36
421,33
422,33
423,33
424,33
425,33
426,33
427,33
428,33
429,33
430,33
431,31
432,31
433,31
434,31
435,31
436,31
437,31
438,31
439,31
440,31
441,31
442,31
443,31
444,31
445,31
446,31
447,31
448,31
449,31
450,31
451,28
452,28
453,28
454,28
455,28
456,28
457,28
458,28
459,28
460,28
461,26
462,26
463,26
464,26
465,26
466,26
467,26
468,26
469,26
470,26
471,23
472,23
473,23
474,23
475,23
476,23
477,23
478,23
479,23
480,23
481,22
482,22
483,22
484,22
485,22
486,22
487,22
488,22
489,22
490,22
491,22
492,22
493,22
494,22
495,22
496,22
497,22
498,22
499,22
500,22
501,24
502,24
503,24
504,24
505,24
506,24
507,24
508,24
509,24
510,24
511,26
512,26
513,26
514,26
515,26
516,26
517,26
518,26
519,26
520,26
521,28
522,28
523,28
524,28
525,28
526,28
527,28
528,28
529,28
530,28
531,30
532,30
533,30
534,30
535,30
536,30
537,30
538,30
539,30
540,30
541,32
542,32
543,32
544,32
545,32
546,32
547,32
548,32
549,32
550,32
551,34
552,34
553,34
554,34
555,34
556,34
557,34
558,34
559,34
560,34
561,36
562,36
563,36
564,36
565,36
566,36
567,36
568,36
569,36
570,36
571,38
572,38
573,38
574,38
575,38
576,38
577,38
578,38
579,38
580,38
581,40
582,40
583,40
584,40
585,40
586,40
587,40
588,40
589,40
590,40
591,42
592,42
593,42
594,42
595,42
596,42
597,42
598,42
599,42
600,42
601,44
602,44
603,44
604,44
605,44
606,44
607,44
608,44
609,44
610,44
611,46
612,46
613,46
614,46
615,46
616,46
617,46
618,46
619,46
620,46
621,48
622,48
623,48
624,48
625,48
626,48
627,48
628,48
629,48
630,48
631,50
632,50
633,50
634,50
635,50
636,50
637,50
638,50
639,50
640,50
641,52
642,52
643,52
644,52
645,52
646,52
647,52
648,52
649,52
650,52
651,54
652,54
653,54
654,54
655,54
656,54
657,54
658,54
659,54
660,54
661,56
662,56
663,56
664,56
665,56
666,56
667,56
668,56
669,56
670,56
671,58
672,58
673,58
674,58
675,58
676,58
677,58
678,58
679,58
680,58
681,60
682,60
683,60
684,60
685,60
686,60
687,60
688,60
689,60
690,60
691,62
692,62
693,62
694,62
695,62
696,62
697,62
698,62
699,62
700,62
701,64
702,64
703,64
704,64
705,64
706,64
707,64
708,64
709,64
710,64
711,66
712,66
713,66
714,66
715,66
716,66
717,66
718,66
719,66
720,66
721,68
722,68
723,68
724,68
725,68
726,68
727,68
728,68
729,68
730,68
731,70
732,70
733,70
734,70
735,70
736,70
737,70
738,70
739,70
740,70
741,72
742,72
743,72
744,72
745,72
746,72
747,72
748,72
749,72
750,72
751,74
752,74
753,74
754,74
755,74
756,74
757,74
758,74
759,74
760,74
761,76
762,76
763,76
764,76
765,76
766,76
767,76
768,76
769,76
770,76
771,78
772,78
773,78
774,78
775,78
776,78
777,78
778,78
779,78
780,78
781,80
782,80
783,80
784,80
785,80
786,80
787,80
788,80
789,80
790,80
791,82
792,82
793,82
794,82
795,82
796,82
797,82
798,82
799,82
800,82
801,84
802,84
803,84
804,84
805,84
806,84
807,84
808,84
809,84
810,84
811,86
812,86
813,86
814,86
815,86
816,86
817,86
818,86
819,86
820,86
821,88
822,88
823,88
824,88
825,88
826,88
827,88
828,88
829,88
830,88
831,90
832,90
833,90
834,90
835,90
836,90
837,90
838,90
839,90
840,90
841,92
842,92
843,92
844,92
845,92
846,92
847,92
848,92
849,92
850,92
851,94
852,94
853,94
854,94
855,94
856,94
857,94
858,94
859,94
860,94
861,96
862,96
863,96
864,96
865,96
866,96
867,96
868,96
869,96
870,96
871,98
872,98
873,98
874,98
875,98
876,98
877,98
878,98
879,98
880,98
881,100
882,100
883,100
884,100
885,100
886,100
887,100
888,100
889,100
890,100
891,98
892,98
893,98
894,98
895,98
896,98
897,98
898,98
899,98
900,98
901,97
902,97
903,97
904,97
905,97
906,97
907,97
908,97
909,97
910,97
911,97
912,97
913,97
914,97
915,97
916,97
917,97
918,97
919,97
920,97
921,94
922,94
923,94
924,94
925,94
926,94
927,94
928,94
929,94
930,94
931,92
932,92
933,92
934,92
935,92
936,92
937,92
938,92
939,92
940,92
941,92
942,92
943,92
944,92
945,92
946,92
947,92
948,92
949,92
950,92
951,89
952,89
953,89
954,89
955,89
956,89
957,89
958,89
959,89
960,89
961,88
962,88
963,88
964,88
965,88
966,88
967,88
968,88
969,88
970,88
971,87
972,87
973,87
974,87
975,87
976,87
977,87
978,87
979,87
980,87
981,86
982,86
983,86
984,86
985,86
986,86
987,86
988,86
989,86
990,86
991,83
992,83
993,83
994,83
995,83
996,83
997,83
998,83
999,83
1000,83
1001,81
1002,81
1003,81
1004,81
1005,81
1006,81
1007,81
1008,81
1009,81
1010,81
1011,79
1012,79
1013,79
1014,79
1015,79
1016,79
1017,79
1018,79
1019,79
1020,79
1021,79
1022,79
1023,79
1024,79
1025,79
1026,79
1027,79
1028,79
1029,79
1030,79
1031,78
1032,78
1033,78
1034,78
1035,78
1036,78
1037,78
1038,78
1039,78
1040,78
1041,78
1042,78
1043,78
1044,78
1045,78
1046,78
1047,78
1048,78
1049,78
1050,78
1051,76
1052,76
1053,76
1054,76
1055,76
1056,76
1057,76
1058,76
1059,76
1060,76
1061,74
1062,74
1063,74
1064,74
1065,74
1066,74
1067,74
1068,74
1069,74
1070,74
1071,73
1072,73
1073,73
1074,73
1075,73
1076,73
1077,73
1078,73
1079,73
1080,73
1081,72
1082,72
1083,72
1084,72
1085,72
1086,72
1087,72
1088,72
1089,72
1090,72
1091,70
1092,70
1093,70
1094,70
1095,70
1096,70
1097,70
1098,70
1099,70
1100,70
1101,68
1102,68
1103,68
1104,68
1105,68
1106,68
1107,68
1108,68
1109,68
1110,68
1111,68
1112,68
1113,68
1114,68
1115,68
1116,68
1117,68
1118,68
1119,68
1120,68
1121,67
1122,67
1123,67
1124,67
1125,67
1126,67
1127,67
1128,67
1129,67
1130,67
1131,67
1132,67
1133,67
1134,67
1135,67
1136,67
1137,67
1138,67
1139,67
1140,67
1141,64
1142,64
1143,64
1144,64
1145,64
1146,64
1147,64
1148,64
1149,64
1150,64
1151,62
1152,62
1153,62
1154,62
1155,62
1156,62
1157,62
1158,62
1159,62
1160,62
1161,61
1162,61
1163,61
1164,61
1165,61
1166,61
1167,61
1168,61
1169,61
1170,61
1171,60
1172,60
1173,60
1174,60
1175,60
1176,60
1177,60
1178,60
1179,60
1180,60
1181,58
1182,58
1183,58
1184,58
1185,58
1186,58
1187,58
1188,58
1189,58
1190,58
1191,56
1192,56
1193,56
1194,56
1195,56
1196,56
1197,56
1198,56
1199,56
1200,56
1201,54
1202,54
1203,54
1204,54
1205,54
1206,54
1207,54
1208,54
1209,54
1210,54
1211,54
1212,54
1213,54
1214,54
1215,54
1216,54
1217,54
1218,54
1219,54
1220,54
1221,52
1222,52
1223,52
1224,52
1225,52
1226,52
1227,52
1228,52
1229,52
1230,52
1231,50
1232,50
1233,50
1234,50
1235,50
1236,50
1237,50
1238,50
1239,50
1240,50
1241,49
1242,49
1243,49
1244,49
1245,49
1246,49
1247,49
1248,49
1249,49
1250,49
1251,47
1252,47
1253,47
1254,47
1255,47
1256,47
1257,47
1258,47
1259,47
1260,47
1261,45
1262,45
1263,45
1264,45
1265,45
1266,45
1267,45
1268,45
1269,45
1270,45
1271,44
1272,44
1273,44
1274,44
1275,44
1276,44
1277,44
1278,44
1279,44
1280,44
1281,42
1282,42
1283,42
1284,42
1285,42
1286,42
1287,42
1288,42
1289,42
1290,42
1291,42
1292,42
1293,42
1294,42
1295,42
1296,42
1297,42
1298,42
1299,42
1300,42
1301,42
1302,42
1303,42
1304,42
1305,42
1306,42
1307,42
1308,42
1309,42
1310,42
1311,40
1312,40
1313,40
1314,40
1315,40
1316,40
1317,40
1318,40
1319,40
1320,40
1321,37
1322,37
1323,37
1324,37
1325,37
1326,37
1327,37
1328,37
1329,37
1330,37
1331,36
1332,36
1333,36
1334,36
1335,36
1336,36
1337,36
1338,36
1339,36
1340,36
1341,33
1342,33
1343,33
1344,33
1345,33
1346,33
1347,33
1348,33
1349,33
1350,33
1351,30
1352,30
1353,30
1354,30
1355,30
1356,30
1357,30
1358,30
1359,30
1360,30
1361,30
1362,30
1363,30
1364,30
1365,30
1366,30
1367,30
1368,30
1369,30
1370,30
1371,27
1372,27
1373,27
1374,27
1375,27
1376,27
1377,27
1378,27
1379,27
1380,27
1381,24
1382,24
1383,24
1384,24
1385,24
1386,24
1387,24
1388,24
1389,24
1390,24
1391,24
1392,24
1393,24
1394,24
1395,24
1396,24
1397,24
1398,24
1399,24
1400,24
1401,22
1402,22
1403,22
1404,22
1405,22
1406,22
1407,22
1408,22
1409,22
1410,22
1411,22
1412,22
1413,22
1414,22
1415,22
1416,22
1417,22
1418,22
1419,22
1420,22
1421,24
1422,24
1423,24
1424,24
1425,24
1426,24
1427,24
1428,24
1429,24
1430,24
1431,26
1432,26
1433,26
1434,26
1435,26
1436,26
1437,26
1438,26
1439,26
1440,26
1441,28
1442,28
1443,28
1444,28
1445,28
1446,28
1447,28
1448,28
1449,28
1450,28
1451,30
1452,30
1453,30
1454,30
1455,30
1456,30
1457,30
1458,30
1459,30
1460,30
1461,32
1462,32
1463,32
1464,32
1465,32
1466,32
1467,32
1468,32
1469,32
1470,32
1471,34
1472,34
1473,34
1474,34
1475,34
1476,34
1477,34
1478,34
1479,34
1480,34
1481,36
1482,36
1483,36
1484,36
1485,36
1486,36
1487,36
1488,36
1489,36
1490,36
1491,38
1492,38
1493,38
1494,38
1495,38
1496,38
1497,38
1498,38
1499,38
1500,38
1501,40
1502,40
1503,40
1504,40
1505,40
1506,40
1507,40
1508,40
1509,40
1510,40
1511,42
1512,42
1513,42
1514,42
1515,42
1516,42
1517,42
1518,42
1519,42
1520,42
1521,44
1522,44
1523,44
1524,44
1525,44
1526,44
1527,44
1528,44
1529,44
1530,44
1531,46
1532,46
1533,46
1534,46
1535,46
1536,46
1537,46
1538,46
1539,46
1540,46
1541,48
1542,48
1543,48
1544,48
1545,48
1546,48
1547,48
1548,48
1549,48
1550,48
1551,50
1552,50
1553,50
1554,50
1555,50
1556,50
1557,50
1558,50
1559,50
1560,50
1561,52
1562,52
1563,52
1564,52
1565,52
1566,52
1567,52
1568,52
1569,52
1570,52
1571,54
1572,54
1573,54
1574,54
1575,54
1576,54
1577,54
1578,54
1579,54
1580,54
1581,56
1582,56
1583,56
1584,56
1585,56
1586,56
1587,56
1588,56
1589,56
1590,56
1591,58
1592,58
1593,58
1594,58
1595,58
1596,58
1597,58
1598,58
1599,58
1600,58
1601,60
1602,60
1603,60
1604,60
1605,60
1606,60
1607,60
1608,60
1609,60
1610,60
1611,62
1612,62
1613,62
1614,62
1615,62
1616,62
1617,62
1618,62
1619,62
1620,62
1621,64
1622,64
1623,64
1624,64
1625,64
1626,64
1627,64
1628,64
1629,64
1630,64
1631,66
1632,66
1633,66
1634,66
1635,66
1636,66
1637,66
1638,66
1639,66
1640,66
1641,68
1642,68
1643,68
1644,68
1645,68
1646,68
1647,68
1648,68
1649,68
1650,68
1651,70
1652,70
1653,70
1654,70
1655,70
1656,70
1657,70
1658,70
1659,70
1660,70
1661,72
1662,72
1663,72
1664,72
1665,72
1666,72
1667,72
1668,72
1669,72
1670,72
1671,74
1672,74
1673,74
1674,74
1675,74
1676,74
1677,74
1678,74
1679,74
1680,74
1681,76
1682,76
1683,76
1684,76
1685,76
1686,76
1687,76
1688,76
1689,76
1690,76
1691,78
1692,78
1693,78
1694,78
1695,78
1696,78
1697,78
1698,78
1699,78
1700,78
1701,80
1702,80
1703,80
1704,80
1705,80
1706,80
1707,80
1708,80
1709,80
1710,80
1711,82
1712,82
1713,82
1714,82
1715,82
1716,82
1717,82
1718,82
1719,82
1720,82
1721,84
1722,84
1723,84
1724,84
1725,84
1726,84
1727,84
1728,84
1729,84
1730,84
1731,86
1732,86
1733,86
1734,86
1735,86
1736,86
1737,86
1738,86
1739,86
1740,86
1741,88
1742,88
1743,88
1744,88
1745,88
1746,88
1747,88
1748,88
1749,88
1750,88
1751,90
1752,90
1753,90
1754,90
1755,90
1756,90
1757,90
1758,90
1759,90
1760,90
1761,92
1762,92
1763,92
1764,92
1765,92
1766,92
1767,92
1768,92
1769,92
1770,92
1771,94
1772,94
1773,94
1774,94
1775,94
1776,94
1777,94
1778,94
1779,94
1780,94
1781,96
1782,96
1783,96
1784,96
1785,96
1786,96
1787,96
1788,96
1789,96
1790,96
1791,98
1792,98
1793,98
1794,98
1795,98
1796,98
1797,98
1798,98
1799,98
1800,98
1801,100
1802,100
1803,100
1804,100
1805,100
1806,100
1807,100
1808,100
1809,100
1810,100
1811,100
1812,100
1813,100
1814,100
1815,100
1816,100
1817,100
1818,100
1819,100
1820,100
1821,100
1822,100
1823,100
1824,100
1825,100
1826,100
1827,100
1828,100
1829,100
1830,100
1831,98
1832,98
1833,98
1834,98
1835,98
1836,98
1837,98
1838,98
1839,98
1840,98
1841,96
1842,96
1843,96
1844,96
1845,96
1846,96
1847,96
1848,96
1849,96
1850,96
1851,93
1852,93
1853,93
1854,93
1855,93
1856,93
1857,93
1858,93
1859,93
1860,93
1861,92
1862,92
1863,92
1864,92
1865,92
1866,92
1867,92
1868,92
1869,92
1870,92
1871,92
1872,92
1873,92
1874,92
1875,92
1876,92
1877,92
1878,92
1879,92
1880,92
1881,92
1882,92
1883,92
1884,92
1885,92
1886,92
1887,92
1888,92
1889,92
1890,92
1891,91
1892,91
1893,91
1894,91
1895,91
1896,91
1897,91
1898,91
1899,91
1900,91
1901,89
1902,89
1903,89
1904,89
1905,89
1906,89
1907,89
1908,89
1909,89
1910,89
1911,86
1912,86
1913,86
1914,86
1915,86
1916,86
1917,86
1918,86
1919,86
1920,86
1921,85
1922,85
1923,85
1924,85
1925,85
1926,85
1927,85
1928,85
1929,85
1930,85
1931,85
1932,85
1933,85
1934,85
1935,85
1936,85
1937,85
1938,85
1939,85
1940,85
1941,82
1942,82
1943,82
1944,82
1945,82
1946,82
1947,82
1948,82
1949,82
1950,82
1951,79
1952,79
1953,79
1954,79
1955,79
1956,79
1957,79
1958,79
1959,79
1960,79
1961,78
1962,78
1963,78
1964,78
1965,78
1966,78
1967,78
1968,78
1969,78
1970,78
1971,78
1972,78
1973,78
1974,78
1975,78
1976,78
1977,78
1978,78
1979,78
1980,78
1981,77
1982,77
1983,77
1984,77
1985,77
1986,77
1987,77
1988,77
1989,77
1990,77
1991,74
1992,74
1993,74
1994,74
1995,74
1996,74
1997,74
1998,74
1999,74
2000,74
2001,73
2002,73
2003,73
2004,73
2005,73
2006,73
2007,73
2008,73
2009,73
2010,73
2011,72
2012,72
2013,72
2014,72
2015,72
2016,72
2017,72
2018,72
2019,72
2020,72
2021,71
2022,71
2023,71
2024,71
2025,71
2026,71
2027,71
2028,71
2029,71
2030,71
2031,69
2032,69
2033,69
2034,69
2035,69
2036,69
2037,69
2038,69
2039,69
2040,69
2041,68
2042,68
2043,68
2044,68
2045,68
2046,68
2047,68
2048,68
2049,68
2050,68
2051,66
2052,66
2053,66
2054,66
2055,66
2056,66
2057,66
2058,66
2059,66
2060,66
2061,65
2062,65
2063,65
2064,65
2065,65
2066,65
2067,65
2068,65
2069,65
2070,65
2071,65
2072,65
2073,65
2074,65
2075,65
2076,65
2077,65
2078,65
2079,65
2080,65
2081,64
2082,64
2083,64
2084,64
2085,64
2086,64
2087,64
2088,64
2089,64
2090,64
2091,62
2092,62
2093,62
2094,62
2095,62
2096,62
2097,62
2098,62
2099,62
2100,62
2101,60
2102,60
2103,60
2104,60
2105,60
2106,60
2107,60
2108,60
2109,60
2110,60
2111,59
2112,59
2113,59
2114,59
2115,59
2116,59
2117,59
2118,59
2119,59
2120,59
2121,56
2122,56
2123,56
2124,56
2125,56
2126,56
2127,56
2128,56
2129,56
2130,56
2131,56
2132,56
2133,56
2134,56
2135,56
2136,56
2137,56
2138,56
2139,56
2140,56
2141,56
2142,56
2143,56
2144,56
2145,56
2146,56
2147,56
2148,56
2149,56
2150,56
2151,54
2152,54
2153,54
2154,54
2155,54
2156,54
2157,54
2158,54
2159,54
2160,54
2161,54
2162,54
2163,54
2164,54
2165,54
2166,54
2167,54
2168,54
2169,54
2170,54
2171,52
2172,52
2173,52
2174,52
2175,52
2176,52
2177,52
2178,52
2179,52
2180,52
2181,51
2182,51
2183,51
2184,51
2185,51
2186,51
2187,51
2188,51
2189,51
2190,51
2191,50
2192,50
2193,50
2194,50
2195,50
2196,50
2197,50
2198,50
2199,50
2200,50
2201,48
2202,48
2203,48
2204,48
2205,48
2206,48
2207,48
2208,48
2209,48
2210,48
2211,47
2212,47
2213,47
2214,47
2215,47
2216,47
2217,47
2218,47
2219,47
2220,47
2221,47
2222,47
2223,47
2224,47
2225,47
2226,47
2227,47
2228,47
2229,47
2230,47
2231,44
2232,44
2233,44
2234,44
2235,44
2236,44
2237,44
2238,44
2239,44
2240,44
2241,44
2242,44
2243,44
2244,44
2245,44
2246,44
2247,44
2248,44
2249,44
2250,44
2251,42
2252,42
2253,42
2254,42
2255,42
2256,42
2257,42
2258,42
2259,42
2260,42
2261,39
2262,39
2263,39
2264,39
2265,39
2266,39
2267,39
2268,39
2269,39
2270,39
2271,36
2272,36
2273,36
2274,36
2275,36
2276,36
2277,36
2278,36
2279,36
2280,36
2281,36
2282,36
2283,36
2284,36
2285,36
2286,36
2287,36
2288,36
2289,36
2290,36
2291,34
2292,34
2293,34
2294,34
2295,34
2296,34
2297,34
2298,34
2299,34
2300,34
2301,31
2302,31
2303,31
2304,31
2305,31
2306,31
2307,31
2308,31
2309,31
2310,31
2311,31
2312,31
2313,31
2314,31
2315,31
2316,31
2317,31
2318,31
2319,31
2320,31
2321,29
2322,29
2323,29
2324,29
2325,29
2326,29
2327,29
2328,29
2329,29
2330,29
2331,27
2332,27
2333,27
2334,27
2335,27
2336,27
2337,27
2338,27
2339,27
2340,27
2341,24
2342,24
2343,24
2344,24
2345,24
2346,24
2347,24
2348,24
2349,24
2350,24
2351,21
2352,21
2353,21
2354,21
2355,21
2356,21
2357,21
2358,21
2359,21
2360,21
2361,21
2362,21
2363,21
2364,21
2365,21
2366,21
2367,21
2368,21
2369,21
2370,21
2371,22
2372,22
2373,22
2374,22
2375,22
2376,22
2377,22
2378,22
2379,22
2380,22
2381,24
2382,24
2383,24
2384,24
2385,24
2386,24
2387,24
2388,24
2389,24
2390,24
2391,26
2392,26
2393,26
2394,26
2395,26
2396,26
2397,26
2398,26
2399,26
2400,26
2401,28
2402,28
2403,28
2404,28
2405,28
2406,28
2407,28
2408,28
2409,28
2410,28
2411,30
2412,30
2413,30
2414,30
2415,30
2416,30
2417,30
2418,30
2419,30
2420,30
2421,32
2422,32
2423,32
2424,32
2425,32
2426,32
2427,32
2428,32
2429,32
2430,32
2431,34
2432,34
2433,34
2434,34
2435,34
2436,34
2437,34
2438,34
2439,34
2440,34
2441,36
2442,36
2443,36
2444,36
2445,36
2446,36
2447,36
2448,36
2449,36
2450,36
2451,38
2452,38
2453,38
2454,38
2455,38
2456,38
2457,38
2458,38
2459,38
2460,38
2461,40
2462,40
2463,40
2464,40
2465,40
2466,40
2467,40
2468,40
2469,40
2470,40
2471,42
2472,42
2473,42
2474,42
2475,42
2476,42
2477,42
2478,42
2479,42
2480,42
2481,44
2482,44
2483,44
2484,44
2485,44
2486,44
2487,44
2488,44
2489,44
2490,44
2491,46
2492,46
2493,46
2494,46
2495,46
2496,46
2497,46
2498,46
2499,46
2500,46
2501,48
2502,48
2503,48
2504,48
2505,48
2506,48
2507,48
2508,48
2509,48
2510,48
2511,50
2512,50
2513,50
2514,50
2515,50
2516,50
2517,50
2518,50
2519,50
2520,50
2521,52
2522,52
2523,52
2524,52
2525,52
2526,52
2527,52
2528,52
2529,52
2530,52
2531,54
2532,54
2533,54
2534,54
2535,54
2536,54
2537,54
2538,54
2539,54
2540,54
2541,56
2542,56
2543,56
2544,56
2545,56
2546,56
2547,56
2548,56
2549,56
2550,56
2551,58
2552,58
2553,58
2554,58
2555,58
2556,58
2557,58
2558,58
2559,58
2560,58
2561,60
2562,60
2563,60
2564,60
2565,60
2566,60
2567,60
2568,60
2569,60
2570,60
2571,62
2572,62
2573,62
2574,62
2575,62
2576,62
2577,62
2578,62
2579,62
2580,62
2581,64
2582,64
2583,64
2584,64
2585,64
2586,64
2587,64
2588,64
2589,64
2590,64
2591,66
2592,66
2593,66
2594,66
2595,66
2596,66
2597,66
2598,66
2599,66
2600,66
2601,68
2602,68
2603,68
2604,68
2605,68
2606,68
2607,68
2608,68
2609,68
2610,68
2611,70
2612,70
2613,70
2614,70
2615,70
2616,70
2617,70
2618,70
2619,70
2620,70
2621,72
2622,72
2623,72
2624,72
2625,72
2626,72
2627,72
2628,72
2629,72
2630,72
2631,74
2632,74
2633,74
2634,74
2635,74
2636,74
2637,74
2638,74
2639,74
2640,74
2641,76
2642,76
2643,76
2644,76
2645,76
2646,76
2647,76
2648,76
2649,76
2650,76
2651,78
2652,78
2653,78
2654,78
2655,78
2656,78
2657,78
2658,78
2659,78
2660,78
2661,80
2662,80
2663,80
2664,80
2665,80
2666,80
2667,80
2668,80
2669,80
2670,80
2671,82
2672,82
2673,82
2674,82
2675,82
2676,82
2677,82
2678,82
2679,82
2680,82
2681,84
2682,84
2683,84
2684,84
2685,84
2686,84
2687,84
2688,84
2689,84
2690,84
2691,86
2692,86
2693,86
2694,86
2695,86
2696,86
2697,86
2698,86
2699,86
2700,86
2701,88
2702,88
2703,88
2704,88
2705,88
2706,88
2707,88
2708,88
2709,88
2710,88
2711,90
2712,90
2713,90
2714,90
2715,90
2716,90
2717,90
2718,90
2719,90
2720,90
2721,92
2722,92
2723,92
2724,92
2725,92
2726,92
2727,92
2728,92
2729,92
2730,92
2731,94
2732,94
2733,94
2734,94
2735,94
2736,94
2737,94
2738,94
2739,94
2740,94
2741,96
2742,96
2743,96
2744,96
2745,96
2746,96
2747,96
2748,96
2749,96
2750,96
2751,98
2752,98
2753,98
2754,98
2755,98
2756,98
2757,98
2758,98
2759,98
2760,98
2761,100
2762,100
2763,100
2764,100
2765,100
2766,100
2767,100
2768,100
2769,100
2770,100
2771,97
2772,97
2773,97
2774,97
2775,97
2776,97
2777,97
2778,97
2779,97
2780,97
2781,94
2782,94
2783,94
2784,94
2785,94
2786,94
2787,94
2788,94
2789,94
2790,94
2791,91
2792,91
2793,91
2794,91
2795,91
2796,91
2797,91
2798,91
2799,91
2800,91
2801,91
2802,91
2803,91
2804,91
2805,91
2806,91
2807,91
2808,91
2809,91
2810,91
2811,91
2812,91
2813,91
2814,91
2815,91
2816,91
2817,91
2818,91
2819,91
2820,91
2821,90
2822,90
2823,90
2824,90
2825,90
2826,90
2827,90
2828,90
2829,90
2830,90
2831,88
2832,88
2833,88
2834,88
2835,88
2836,88
2837,88
2838,88
2839,88
2840,88
2841,85
2842,85
2843,85
2844,85
2845,85
2846,85
2847,85
2848,85
2849,85
2850,85
2851,85
2852,85
2853,85
2854,85
2855,85
2856,85
2857,85
2858,85
2859,85
2860,85
2861,84
2862,84
2863,84
2864,84
2865,84
2866,84
2867,84
2868,84
2869,84
2870,84
2871,81
2872,81
2873,81
2874,81
2875,81
2876,81
2877,81
2878,81
2879,81
2880,81
2881,78
2882,78
2883,78
2884,78
2885,78
2886,78
2887,78
2888,78
2889,78
2890,78
2891,77
2892,77
2893,77
2894,77
2895,77
2896,77
2897,77
2898,77
2899,77
2900,77
2901,75
2902,75
2903,75
2904,75
2905,75
2906,75
2907,75
2908,75
2909,75
2910,75
2911,73
2912,73
2913,73
2914,73
2915,73
2916,73
2917,73
2918,73
2919,73
2920,73
2921,72
2922,72
2923,72
2924,72
2925,72
2926,72
2927,72
2928,72
2929,72
2930,72
2931,70
2932,70
2933,70
2934,70
2935,70
2936,70
2937,70
2938,70
2939,70
2940,70
2941,70
2942,70
2943,70
2944,70
2945,70
2946,70
2947,70
2948,70
2949,70
2950,70
2951,67
2952,67
2953,67
2954,67
2955,67
2956,67
2957,67
2958,67
2959,67
2960,67
2961,66
2962,66
2963,66
2964,66
2965,66
2966,66
2967,66
2968,66
2969,66
2970,66
2971,65
2972,65
2973,65
2974,65
2975,65
2976,65
2977,65
2978,65
2979,65
2980,65
2981,62
2982,62
2983,62
2984,62
2985,62
2986,62
2987,62
2988,62
2989,62
2990,62
2991,60
2992,60
2993,60
2994,60
2995,60
2996,60
2997,60
2998,60
2999,60
3000,60
3001,57
3002,57
3003,57
3004,57
3005,57
3006,57
3007,57
3008,57
3009,57
3010,57
3011,57
3012,57
3013,57
3014,57
3015,57
3016,57
3017,57
3018,57
3019,57
3020,57
3021,56
3022,56
3023,56
3024,56
3025,56
3026,56
3027,56
3028,56
3029,56
3030,56
3031,56
3032,56
3033,56
3034,56
3035,56
3036,56
3037,56
3038,56
3039,56
3040,56
3041,55
3042,55
3043,55
3044,55
3045,55
3046,55
3047,55
3048,55
3049,55
3050,55
3051,54
3052,54
3053,54
3054,54
3055,54
3056,54
3057,54
3058,54
3059,54
3060,54
3061,52
3062,52
3063,52
3064,52
3065,52
3066,52
3067,52
3068,52
3069,52
3070,52
3071,51
3072,51
3073,51
3074,51
3075,51
3076,51
3077,51
3078,51
3079,51
3080,51
3081,51
3082,51
3083,51
3084,51
3085,51
3086,51
3087,51
3088,51
3089,51
3090,51
3091,49
3092,49
3093,49
3094,49
3095,49
3096,49
3097,49
3098,49
3099,49
3100,49
3101,46
3102,46
3103,46
3104,46
3105,46
3106,46
3107,46
3108,46
3109,46
3110,46
3111,43
3112,43
3113,43
3114,43
3115,43
3116,43
3117,43
3118,43
3119,43
3120,43
3121,43
3122,43
3123,43
3124,43
3125,43
3126,43
3127,43
3128,43
3129,43
3130,43
3131,41
3132,41
3133,41
3134,41
3135,41
3136,41
3137,41
3138,41
3139,41
3140,41
3141,40
3142,40
3143,40
3144,40
3145,40
3146,40
3147,40
3148,40
3149,40
3150,40
3151,37
3152,37
3153,37
3154,37
3155,37
3156,37
3157,37
3158,37
3159,37
3160,37
3161,37
3162,37
3163,37
3164,37
3165,37
3166,37
3167,37
3168,37
3169,37
3170,37
3171,34
3172,34
3173,34
3174,34
3175,34
3176,34
3177,34
3178,34
3179,34
3180,34
3181,34
3182,34
3183,34
3184,34
3185,34
3186,34
3187,34
3188,34
3189,34
3190,34
3191,34
3192,34
3193,34
3194,34
3195,34
3196,34
3197,34
3198,34
3199,34
3200,34
3201,32
3202,32
3203,32
3204,32
3205,32
3206,32
3207,32
3208,32
3209,32
3210,32
3211,31
3212,31
3213,31
3214,31
3215,31
3216,31
3217,31
3218,31
3219,31
3220,31
3221,31
3222,31
3223,31
3224,31
3225,31
3226,31
3227,31
3228,31
3229,31
3230,31
3231,30
3232,30
3233,30
3234,30
3235,30
3236,30
3237,30
3238,30
3239,30
3240,30
3241,28
3242,28
3243,28
3244,28
3245,28
3246,28
3247,28
3248,28
3249,28
3250,28
3251,28
3252,28
3253,28
3254,28
3255,28
3256,28
3257,28
3258,28
3259,28
3260,28
3261,27
3262,27
3263,27
3264,27
3265,27
3266,27
3267,27
3268,27
3269,27
3270,27
3271,24
3272,24
3273,24
3274,24
3275,24
3276,24
3277,24
3278,24
3279,24
3280,24
3281,24
3282,24
3283,24
3284,24
3285,24
3286,24
3287,24
3288,24
3289,24
3290,24
3291,23
3292,23
3293,23
3294,23
3295,23
3296,23
3297,23
3298,23
3299,23
3300,23
3301,22
3302,22
3303,22
3304,22
3305,22
3306,22
3307,22
3308,22
3309,22
3310,22
3311,22
3312,22
3313,22
3314,22
3315,22
3316,22
3317,22
3318,22
3319,22
3320,22
3321,24
3322,24
3323,24
3324,24
3325,24
3326,24
3327,24
3328,24
3329,24
3330,24
3331,26
3332,26
3333,26
3334,26
3335,26
3336,26
3337,26
3338,26
3339,26
3340,26
3341,28
3342,28
3343,28
3344,28
3345,28
3346,28
3347,28
3348,28
3349,28
3350,28
3351,30
3352,30
3353,30
3354,30
3355,30
3356,30
3357,30
3358,30
3359,30
3360,30
3361,32
3362,32
3363,32
3364,32
3365,32
3366,32
3367,32
3368,32
3369,32
3370,32
3371,34
3372,34
3373,34
3374,34
3375,34
3376,34
3377,34
3378,34
3379,34
3380,34
3381,36
3382,36
3383,36
3384,36
3385,36
3386,36
3387,36
3388,36
3389,36
3390,36
3391,38
3392,38
3393,38
3394,38
3395,38
3396,38
3397,38
3398,38
3399,38
3400,38
3401,40
3402,40
3403,40
3404,40
3405,40
3406,40
3407,40
3408,40
3409,40
3410,40
3411,42
3412,42
3413,42
3414,42
3415,42
3416,42
3417,42
3418,42
3419,42
3420,42
3421,44
3422,44
3423,44
3424,44
3425,44
3426,44
3427,44
3428,44
3429,44
3430,44
3431,46
3432,46
3433,46
3434,46
3435,46
3436,46
3437,46
3438,46
3439,46
3440,46
3441,48
3442,48
3443,48
3444,48
3445,48
3446,48
3447,48
3448,48
3449,48
3450,48
3451,50
3452,50
3453,50
3454,50
3455,50
3456,50
3457,50
3458,50
3459,50
3460,50
3461,52
3462,52
3463,52
3464,52
3465,52
3466,52
3467,52
3468,52
3469,52
3470,52
3471,54
3472,54
3473,54
3474,54
3475,54
3476,54
3477,54
3478,54
3479,54
3480,54
3481,56
3482,56
3483,56
3484,56
3485,56
3486,56
3487,56
3488,56
3489,56
3490,56
3491,58
3492,58
3493,58
3494,58
3495,58
3496,58
3497,58
3498,58
3499,58
3500,58
3501,60
3502,60
3503,60
3504,60
3505,60
3506,60
3507,60
3508,60
3509,60
3510,60
3511,62
3512,62
3513,62
3514,62
3515,62
3516,62
3517,62
3518,62
3519,62
3520,62
3521,64
3522,64
3523,64
3524,64
3525,64
3526,64
3527,64
3528,64
3529,64
3530,64
3531,66
3532,66
3533,66
3534,66
3535,66
3536,66
3537,66
3538,66
3539,66
3540,66
3541,68
3542,68
3543,68
3544,68
3545,68
3546,68
3547,68
3548,68
3549,68
3550,68
3551,70
3552,70
3553,70
3554,70
3555,70
3556,70
3557,70
3558,70
3559,70
3560,70
3561,72
3562,72
3563,72
3564,72
3565,72
3566,72
3567,72
3568,72
3569,72
3570,72
3571,74
3572,74
3573,74
3574,74
3575,74
3576,74
3577,74
3578,74
3579,74
3580,74
3581,76
3582,76
3583,76
3584,76
3585,76
3586,76
3587,76
3588,76
3589,76
3590,76
3591,78
3592,78
3593,78
3594,78
3595,78
3596,78
3597,78
3598,78
3599,78
3600,78
3601,80
3602,80
3603,80
3604,80
3605,80
3606,80
3607,80
3608,80
3609,80
3610,80
3611,82
3612,82
3613,82
3614,82
3615,82
3616,82
3617,82
3618,82
3619,82
3620,82
3621,84
3622,84
3623,84
3624,84
3625,84
3626,84
3627,84
3628,84
3629,84
3630,84
3631,86
3632,86
3633,86
3634,86
3635,86
3636,86
3637,86
3638,86
3639,86
3640,86
3641,88
3642,88
3643,88
3644,88
3645,88
3646,88
3647,88
3648,88
3649,88
3650,88
3651,90
3652,90
3653,90
3654,90
3655,90
3656,90
3657,90
3658,90
3659,90
3660,90
3661,92
3662,92
3663,92
3664,92
3665,92
3666,92
3667,92
3668,92
3669,92
3670,92
3671,94
3672,94
3673,94
3674,94
3675,94
3676,94
3677,94
3678,94
3679,94
3680,94
3681,96
3682,96
3683,96
3684,96
3685,96
3686,96
3687,96
3688,96
3689,96
3690,96
3691,98
3692,98
3693,98
3694,98
3695,98
3696,98
3697,98
3698,98
3699,98
3700,98
3701,100
3702,100
3703,100
3704,100
3705,100
3706,100
3707,100
3708,100
3709,100
3710,100
3711,97
3712,97
3713,97
3714,97
3715,97
3716,97
3717,97
3718,97
3719,97
3720,97
3721,95
3722,95
3723,95
3724,95
3725,95
3726,95
3727,95
3728,95
3729,95
3730,95
3731,93
3732,93
3733,93
3734,93
3735,93
3736,93
3737,93
3738,93
3739,93
3740,93
3741,90
3742,90
3743,90
3744,90
3745,90
3746,90
3747,90
3748,90
3749,90
3750,90
3751,90
3752,90
3753,90
3754,90
3755,90
3756,90
3757,90
3758,90
3759,90
3760,90
3761,89
3762,89
3763,89
3764,89
3765,89
3766,89
3767,89
3768,89
3769,89
3770,89
3771,89
3772,89
3773,89
3774,89
3775,89
3776,89
3777,89
3778,89
3779,89
3780,89
3781,87
3782,87
3783,87
3784,87
3785,87
3786,87
3787,87
3788,87
3789,87
3790,87
3791,85
3792,85
3793,85
3794,85
3795,85
3796,85
3797,85
3798,85
3799,85
3800,85
3801,84
3802,84
3803,84
3804,84
3805,84
3806,84
3807,84
3808,84
3809,84
3810,84
3811,81
3812,81
3813,81
3814,81
3815,81
3816,81
3817,81
3818,81
3819,81
3820,81
3821,80
3822,80
3823,80
3824,80
3825,80
3826,80
3827,80
3828,80
3829,80
3830,80
3831,77
3832,77
3833,77
3834,77
3835,77
3836,77
3837,77
3838,77
3839,77
3840,77
3841,76
3842,76
3843,76
3844,76
3845,76
3846,76
3847,76
3848,76
3849,76
3850,76
3851,74
3852,74
3853,74
3854,74
3855,74
3856,74
3857,74
3858,74
3859,74
3860,74
3861,74
3862,74
3863,74
3864,74
3865,74
3866,74
3867,74
3868,74
3869,74
3870,74
3871,74
3872,74
3873,74
3874,74
3875,74
3876,74
3877,74
3878,74
3879,74
3880,74
3881,74
3882,74
3883,74
3884,74
3885,74
3886,74
3887,74
3888,74
3889,74
3890,74
3891,71
3892,71
3893,71
3894,71
3895,71
3896,71
3897,71
3898,71
3899,71
3900,71
3901,68
3902,68
3903,68
3904,68
3905,68
3906,68
3907,68
3908,68
3909,68
3910,68
3911,65
3912,65
3913,65
3914,65
3915,65
3916,65
3917,65
3918,65
3919,65
3920,65
3921,65
3922,65
3923,65
3924,65
3925,65
3926,65
3927,65
3928,65
3929,65
3930,65
3931,65
3932,65
3933,65
3934,65
3935,65
3936,65
3937,65
3938,65
3939,65
3940,65
3941,63
3942,63
3943,63
3944,63
3945,63
3946,63
3947,63
3948,63
3949,63
3950,63
3951,61
3952,61
3953,61
3954,61
3955,61
3956,61
3957,61
3958,61
3959,61
3960,61
3961,61
3962,61
3963,61
3964,61
3965,61
3966,61
3967,61
3968,61
3969,61
3970,61
3971,61
3972,61
3973,61
3974,61
3975,61
3976,61
3977,61
3978,61
3979,61
3980,61
3981,58
3982,58
3983,58
3984,58
3985,58
3986,58
3987,58
3988,58
3989,58
3990,58
3991,56
3992,56
3993,56
3994,56
3995,56
3996,56
3997,56
3998,56
3999,56
4000,56
4001,54
4002,54
4003,54
4004,54
4005,54
4006,54
4007,54
4008,54
4009,54
4010,54
4011,51
4012,51
4013,51
4014,51
4015,51
4016,51
4017,51
4018,51
4019,51
4020,51
4021,51
4022,51
4023,51
4024,51
4025,51
4026,51
4027,51
4028,51
4029,51
4030,51
4031,49
4032,49
4033,49
4034,49
4035,49
4036,49
4037,49
4038,49
4039,49
4040,49
4041,49
4042,49
4043,49
4044,49
4045,49
4046,49
4047,49
4048,49
4049,49
4050,49
4051,46
4052,46
4053,46
4054,46
4055,46
4056,46
4057,46
4058,46
4059,46
4060,46
4061,43
4062,43
4063,43
4064,43
4065,43
4066,43
